0
2000
2001
2002
2003
2004
2005
2006
2007
2008
2009
2010
2011
2012
2013
2014
2015
2016
2017
2018
2019
2020
2021
2022
2023
2024
2025
2026
2027
2028
2029
2030
2031
2032
2033
2034
2035
2036
2037
2038
2039
2040
2041
2042
2043
2044
2045
2046
2047
2048
2049
2050
2051
2052
2053
2054
2055
2056
2057
2058
2059
2060
2061
2062
2063
2064
2065
2066
2067
2068
2069
2070
2071
2072
2073
2074
2075
2076
2077
2078
2079
2080
2081
2082
2083
2084
2085
2086
2087
2088
2089
2090
2091
2092
2093
2094
2095
2096
2097
2098
2099
2100
2101
2102
2103
2104
2105
2106
2107
2108
2109
2110
2111
2112
2113
2114
2115
2116
2117
2118
2119
2120
2121
2122
2123
2124
2125
2126
2127
2128
2129
2130
2131
2132
2133
2134
2135
2136
2137
2138
2139
2140
2141
2142
2143
2144
2145
2146
2147
2148
2149
2150
2151
2152
2153
2154
2155
2156
2157
2158
2159
2160
2161
2162
2163
2164
2165
2166
2167
2168
2169
2170
2171
2172
2173
2174
2175
2176
2177
2178
2179
2180
2181
2182
2183
2184
2185
2186
2187
2188
2189
2190
2191
2192
2193
2194
2195
2196
2197
2198
2199
2200
2201
2202
2203
2204
2205
2206
2207
2208
2209
2210
2211
2212
2213
2214
2215
2216
2217
2218
2219
2220
2221
2222
2223
2224
2225
2226
2227
2228
2229
2230
2231
2232
2233
2234
2235
2236
2237
2238
2239
2240
2241
2242
2243
2244
2245
2246
2247
2248
2249
2250
2251
2252
2253
2254
2255
2256
2257
2258
2259
2260
2261
2262
2263
2264
2265
2266
2267
2268
2269
2270
2271
2272
2273
2274
2275
2276
2277
2278
2279
2280
2281
2282
2283
2284
2285
2286
2287
2288
2289
2290
2291
2292
2293
2294
2295
2296
2297
2298
2299
2300
2301
2302
2303
2304
2305
2306
2307
2308
2309
2310
2311
2312
2313
2314
2315
2316
2317
2318
2319
2320
2321
2322
2323
2324
2325
2326
2327
2328
2329
2330
2331
2332
2333
2334
2335
2336
2337
2338
2339
2340
2341
2342
2343
2344
2345
2346
2347
2348
2349
2350
2351
2352
2353
2354
2355
2356
2357
2358
2359
2360
2361
2362
2363
2364
2365
2366
2367
2368
2369
2370
2371
2372
2373
2374
2375
2376
2377
2378
2379
2380
2381
2382
2383
2384
2385
2386
2387
2388
2389
2390
2391
2392
2393
2394
2395
2396
2397
2398
2399
2400
2401
2402
2403
2404
2405
2406
2407
2408
2409
2410
2411
2412
2413
2414
2415
2416
2417
2418
2419
2420
2421
2422
2423
2424
2425
2426
2427
2428
2429
2430
2431
2432
2433
2434
2435
2436
2437
2438
2439
2440
2441
2442
2443
2444
2445
2446
2447
2448
2449
2450
2451
2452
2453
2454
2455
2456
2457
2458
2459
2460
2461
2462
2463
2464
2465
2466
2467
2468
2469
2470
2471
2472
2473
2474
2475
2476
2477
2478
2479
2480
2481
2482
2483
2484
2485
2486
2487
2488
2489
2490
2491
2492
2493
2494
2495
2496
2497
2498
2499
2500
2501
2502
2503
2504
2505
2506
2507
2508
2509
2510
2511
2512
2513
2514
2515
2516
2517
2518
2519
2520
2521
2522
2523
2524
2525
2526
2527
2528
2529
2530
2531
2532
2533
2534
2535
2536
2537
2538
2539
2540
2541
2542
2543
2544
2545
2546
2547
2548
2549
2550
2551
2552
2553
2554
2555
2556
2557
2558
2559
2560
2561
2562
2563
2564
2565
2566
2567
2568
2569
2570
2571
2572
2573
2574
2575
2576
2577
2578
2579
2580
2581
2582
2583
2584
2585
2586
2587
2588
2589
2590
2591
2592
2593
2594
2595
2596
2597
2598
2599
2600
2601
2602
2603
2604
2605
2606
2607
2608
2609
2610
2611
2612
2613
2614
2615
2616
2617
2618
2619
2620
2621
2622
2623
2624
2625
2626
2627
2628
2629
2630
2631
2632
2633
2634
2635
2636
2637
2638
2639
2640
2641
2642
2643
2644
2645
2646
2647
2648
2649
2650
2651
2652
2653
2654
2655
2656
2657
2658
2659
2660
2661
2662
2663
2664
2665
2666
2667
2668
2669
2670
2671
2672
2673
2674
2675
2676
2677
2678
2679
2680
2681
2682
2683
2684
2685
2686
2687
2688
2689
2690
2691
2692
2693
2694
2695
2696
2697
2698
2699
2700
2701
2702
2703
2704
2705
2706
2707
4707
6707
8707
10707
12707
14707
16707
18707
20707
22707
24707
26707
28707
30707
32707
34707
36707
38707
40707
42707
44707
46707
48707
50707
52707
54707
56707
58707
60707
62707
64707
66707
68707
70707
72707
74707
76707
78707
80707
82707
84707
86707
88707
90707
92707
94707
96707
98707
100707
102707
104707
106707
108707
110707
112707
114707
116707
118707
120707
122707
124707
126707
128707
130707
132707
134707
136707
138707
140707
142707
144707
146707
148707
150707
152707
154707
156707
158707
160707
162707
164707
166707
168707
170707
172707
174707
176707
178707
180707
182707
184707
186707
188707
190707
192707
194707
196707
198707
200707
202707
204707
206707
208707
210707
212707
214707
216707
218707
220707
222707
224707
226707
228707
230707
232707
234707
236707
238707
240707
242707
244707
246707
248707
250707
252707
254707
256707
258707
260707
262707
264707
266707
268707
270707
272707
274707
276707
278707
280707
282707
284707
286707
288707
290707
292707
294707
296707
298707
300707
302707
304707
306707
308707
310707
312707
314707
316707
318707
320707
322707
324707
326707
328707
330707
332707
334707
336707
338707
340707
342707
344707
346707
348707
350707
352707
354707
356707
358707
360707
362707
364707
366707
368707
370707
372707
374707
376707
378707
380707
382707
384707
386707
388707
390707
392707
394707
396707
398707
400707
402707
404707
406707
408707
410707
412707
414707
416707
418707
420707
422707
424707
426707
428707
430707
432707
434707
436707
438707
440707
442707
444707
446707
448707
450707
452707
454707
456707
458707
460707
462707
464707
466707
468707
470707
472707
474707
476707
478707
480707
482707
484707
486707
488707
490707
492707
494707
496707
498707
500707
502707
504707
506707
508707
510707
512707
514707
516707
518707
520707
522707
524707
526707
528707
530707
532707
534707
536707
538707
540707
542707
544707
546707
548707
550707
552707
554707
556707
558707
560707
562707
564707
566707
568707
570707
572707
574707
576707
578707
580707
582707
584707
586707
588707
590707
592707
594707
596707
598707
600707
602707
604707
606707
608707
610707
612707
614707
616707
618707
620707
622707
624707
626707
628707
630707
632707
634707
636707
638707
640707
642707
644707
646707
648707
650707
652707
654707
656707
658707
660707
662707
664707
666707
668707
670707
672707
674707
676707
678707
680707
682707
684707
686707
688707
690707
692707
694707
696707
698707
700707
702707
704707
706707
708707
710707
712707
714707
716707
718707
720707
722707
724707
726707
728707
730707
732707
734707
736707
738707
740707
742707
744707
746707
748707
750707
752707
754707
756707
758707
760707
762707
764707
766707
768707
770707
772707
774707
776707
778707
780707
782707
784707
786707
788707
790707
792707
794707
796707
798707
800707
802707
804707
806707
808707
810707
812707
814707
816707
818707
820707
822707
824707
826707
828707
830707
832707
834707
836707
838707
840707
842707
844707
846707
848707
850707
852707
854707
856707
858707
860707
862707
864707
866707
868707
870707
872707
874707
876707
878707
880707
882707
884707
886707
888707
890707
892707
894707
896707
898707
900707
902707
904707
906707
908707
910707
912707
914707
916707
918707
920707
922707
924707
926707
928707
930707
932707
934707
936707
938707
940707
942707
944707
946707
948707
950707
952707
954707
956707
958707
960707
962707
964707
966707
968707
970707
972707
974707
976707
978707
980707
982707
984707
986707
988707
990707
992707
994707
996707
998707
1000707
1002707
1004707
1006707
1008707
1010707
1012707
1014707
1016707
1018707
1020707
1022707
1024707
1026707
1028707
1030707
1032707
1034707
1036707
1038707
1040707
1042707
1044707
1046707
1048707
1050707
1052707
1054707
1056707
1058707
1060707
1062707
1064707
1066707
1068707
1070707
1072707
1074707
1076707
1078707
1080707
1082707
1084707
1086707
1088707
1090707
1092707
1094707
1096707
1098707
1100707
1102707
1104707
1106707
1108707
1110707
1112707
1114707
1116707
1118707
1120707
1122707
1124707
1126707
1128707
1130707
1132707
1134707
1136707
1138707
1140707
1142707
1144707
1146707
1148707
1150707
1152707
1154707
1156707
1158707
1160707
1162707
1164707
1166707
1168707
1170707
1172707
1174707
1176707
1178707
1180707
1182707
1184707
1186707
1188707
1190707
1192707
1194707
1196707
1198707
1200707
1202707
1204707
1206707
1208707
1210707
1212707
1214707
1216707
1218707
1220707
1222707
1224707
1226707
1228707
1230707
1232707
1234707
1236707
1238707
1240707
1242707
1244707
1246707
1248707
1250707
1252707
1254707
1256707
1258707
1260707
1262707
1264707
1266707
1268707
1270707
1272707
1274707
1276707
1278707
1280707
1282707
1284707
1286707
1288707
1290707
1292707
1294707
1296707
1298707
1300707
1302707
1304707
1306707
1308707
1310707
1312707
1314707
1316707
1318707
1320707
1322707
1324707
1326707
1328707
1330707
1332707
1334707
1336707
1338707
1340707
1342707
1344707
1346707
1348707
1350707
1352707
1354707
1356707
1358707
1360707
1362707
1364707
1366707
1368707
1370707
1372707
1374707
1376707
1378707
1380707
1382707
1384707
1386707
1388707
1390707
1392707
1394707
1396707
1398707
1400707
1402707
1404707
1406707
1408707
1410707
1412707
1414707
1416707
1418707
1420707
1422707
1424707
1426707
1428707
1430707
1432707
1434707
1436707
1438707
1440707
1442707
1444707
1446707
1448707
1450707
1452707
1454707
1456707
1458707
1460707
1462707
1464707
1466707
1468707
1470707
1472707
1474707
1476707
1478707
1480707
1482707
1484707
1486707
1488707
1490707
1492707
1494707
1496707
1498707
1500707
1502707
1504707
1506707
1508707
1510707
1512707
1514707
1516707
1518707
1520707
1522707
1524707
1526707
1528707
1530707
1532707
1534707
1536707
1538707
1540707
1542707
1544707
1546707
1548707
1550707
1552707
1554707
1556707
1558707
1560707
1562707
1564707
1566707
1568707
1570707
1572707
1574707
1576707
1578707
1580707
1582707
1584707
1586707
1588707
1590707
1592707
1594707
1596707
1598707
1600707
1602707
1604707
1606707
1608707
1610707
1612707
1614707
1616707
1618707
1620707
1622707
1624707
1626707
1628707
1630707
1632707
1634707
1636707
1638707
1640707
1642707
1644707
1646707
1648707
1650707
1652707
1654707
1656707
1658707
1660707
1662707
1664707
1666707
1668707
1670707
1672707
1674707
1676707
1678707
1680707
1682707
1684707
1686707
1688707
1690707
1692707
1694707
1696707
1698707
1700707
1702707
1704707
1706707
1708707
1710707
1712707
1714707
1716707
1718707
1720707
1722707
1724707
1726707
1728707
1730707
1732707
1734707
1736707
1738707
1740707
1742707
1744707
1746707
1748707
1750707
1752707
1754707
1756707
1758707
1760707
1762707
1764707
1766707
1768707
1770707
1772707
1774707
1776707
1778707
1780707
1782707
1784707
1786707
1788707
1790707
1792707
1794707
1796707
1798707
1800707
1802707
1804707
1806707
1808707
1810707
1812707
1814707
1816707
1818707
1820707
1822707
1824707
1826707
1828707
1830707
1832707
1834707
1836707
1838707
1840707
1842707
1844707
1846707
1848707
1850707
1852707
1854707
1856707
1858707
1860707
1862707
1864707
1866707
1868707
1870707
1872707
1874707
1876707
1878707
1880707
1882707
1884707
1886707
1888707
1890707
1892707
1894707
1896707
1898707
1900707
1902707
1904707
1906707
1908707
1910707
1912707
1914707
1916707
1918707
1920707
1922707
1924707
1926707
1928707
1930707
1932707
1934707
1936707
1938707
1940707
1942707
1944707
1946707
1948707
1950707
1952707
1954707
1956707
1958707
1960707
1962707
1964707
1966707
1968707
1970707
1972707
1974707
1976707
1978707
1980707
1982707
1984707
1986707
1988707
1990707
1992707
1994707
1996707
1998707
2000707
2002707
2004707
2006707
2008707
2010707
2012707
2014707
2016707
2018707
2020707
2022707
2024707
2026707
2028707
2030707
2032707
2034707
2036707
2038707
2040707
2042707
2044707
2046707
2048707
2050707
2052707
2054707
2056707
2058707
2060707
2062707
2064707
2066707
2068707
2070707
2072707
2074707
2076707
2078707
2080707
2082707
2084707
2086707
2088707
2090707
2092707
2094707
2096707
2098707
2100707
2102707
2104707
2106707
2108707
2110707
2112707
2114707
2116707
2118707
2120707
2122707
2124707
2126707
2128707
2130707
2132707
2134707
2136707
2138707
2140707
2142707
2144707
2146707
2148707
2150707
2152707
2154707
2156707
2158707
2160707
2162707
2164707
2166707
2168707
2170707
2172707
2174707
2176707
2178707
2180707
2182707
2184707
2186707
2188707
2190707
2192707
2194707
2196707
2198707
2200707
2202707
2204707
2206707
2208707
2210707
2212707
2214707
2216707
2218707
2220707
2222707
2224707
2226707
2228707
2230707
2232707
2234707
2236707
2238707
2240707
2242707
2244707
2246707
2248707
2250707
2252707
2254707
2256707
2258707
2260707
2262707
2264707
2266707
2268707
2270707
2272707
2274707
2276707
2278707
2280707
2282707
2284707
2286707
2288707
2290707
2292707
2294707
2296707
2298707
2300707
2302707
2304707
2306707
2308707
2310707
2312707
2314707
2316707
2318707
2320707
2322707
2324707
2326707
2328707
2330707
2332707
2334707
2336707
2338707
2340707
2342707
2344707
2346707
2348707
2350707
2352707
2354707
2356707
2358707
2360707
2362707
2364707
2366707
2368707
2370707
2372707
2374707
2376707
2378707
2380707
2382707
2384707
2386707
2388707
2390707
2392707
2394707
2396707
2398707
2400707
2402707
2404707
2406707
2408707
2410707
2412707
2414707
2416707
2418707
2420707
2422707
2424707
2426707
2428707
2430707
2432707
2434707
2436707
2438707
2440707
2442707
2444707
2446707
2448707
2450707
2452707
2454707
2456707
2458707
2460707
2462707
2464707
2466707
2468707
2470707
2472707
2474707
2476707
2478707
2480707
2482707
2484707
2486707
2488707
2490707
2492707
2494707
2496707
2498707
2500707
2502707
2504707
2506707
2508707
2510707
2512707
2514707
2516707
2518707
2520707
2522707
2524707
2526707
2528707
2530707
2532707
2534707
2536707
2538707
2540707
2542707
2544707
2546707
2548707
2550707
2552707
2554707
2556707
2558707
2560707
2562707
2564707
2566707
2568707
2570707
2572707
2574707
2576707
2578707
2580707
2582707
2584707
2586707
2588707
2590707
2592707
2594707
2596707
2598707
2600707
2602707
2604707
2606707
2608707
2610707
2612707
2614707
2616707
2618707
2620707
2622707
2624707
2626707
2628707
2630707
2632707
2634707
2636707
2638707
2640707
2642707
2644707
2646707
2648707
2650707
2652707
2654707
2656707
2658707
2660707
2662707
2664707
2666707
2668707
2670707
2672707
2674707
2676707
2678707
2680707
2682707
2684707
2686707
2688707
2690707
2692707
2694707
2696707
2698707
2700707
2702707
2704707
2706707
2708707
2710707
2712707
2714707
2716707
2718707
2720707
2722707
2724707
2726707
2728707
2730707
2732707
2734707
2736707
2738707
2740707
2742707
2744707
2746707
2748707
2750707
2752707
2754707
2756707
2758707
2760707
2762707
2764707
2766707
2768707
2770707
2772707
2774707
2776707
2778707
2780707
2782707
2784707
2786707
2788707
2790707
2792707
2794707
2796707
2798707
2800707
2802707
2804707
2806707
2808707
2810707
2812707
2814707
2816707
2818707
2820707
2822707
2824707
2826707
2828707
2830707
2832707
2834707
2836707
2838707
2840707
2842707
2844707
2846707
2848707
2850707
2852707
2854707
2856707
2858707
2860707
2862707
2864707
2866707
2868707
2870707
2872707
2874707
2876707
2878707
2880707
2882707
2884707
2886707
2888707
2890707
2892707
2894707
2896707
2898707
2900707
2902707
2904707
2906707
2908707
2910707
2912707
2914707
2916707
2918707
2920707
2922707
2924707
2926707
2928707
2930707
2932707
2934707
2936707
2938707
2940707
2942707
2944707
2946707
2948707
2950707
2952707
2954707
2956707
2958707
2960707
2962707
2964707
2966707
2968707
2970707
2972707
2974707
2976707
2978707
2980707
2982707
2984707
2986707
2988707
2990707
2992707
2994707
2996707
2998707
3000707
3002707
3004707
3006707
3008707
3010707
3012707
3014707
3016707
3018707
3020707
3022707
3024707
3026707
3028707
3030707
3032707
3034707
3036707
3038707
3040707
3042707
3044707
3046707
3048707
3050707
3052707
3054707
3056707
3058707
3060707
3062707
3064707
3066707
3068707
3070707
3072707
3074707
3076707
3078707
3080707
3082707
3084707
3086707
3088707
3090707
3092707
3094707
3096707
3098707
3100707
3102707
3104707
3106707
3108707
3110707
3112707
3114707
3116707
3118707
3120707
3122707
3124707
3126707
3128707
3130707
3132707
3134707
3136707
3138707
3140707
3142707
3144707
3146707
3148707
3150707
3152707
3154707
3156707
3158707
3160707
3162707
3164707
3166707
3168707
3170707
3172707
3174707
3176707
3178707
3180707
3182707
3184707
3186707
3188707
3190707
3192707
3194707
3196707
3198707
3200707
3202707
3204707
3206707
3208707
3210707
3212707
3214707
3216707
3218707
3220707
3222707
3224707
3226707
3228707
3230707
3232707
3234707
3236707
3238707
3240707
3242707
3244707
3246707
3248707
3250707
3252707
3254707
3256707
3258707
3260707
3262707
3264707
3266707
3268707
3270707
3272707
3274707
3276707
3278707
3280707
3282707
3284707
3286707
