0.035207
0.03526571646797407
0.035324133561410995
0.03538224971835145
0.03544006337683608
0.03549757297490556
0.035554776950600546
0.03561167374196168
0.03566826178702967
0.035724539523845134
0.03578050539044876
0.0358361578248812
0.03589149526518311
0.03594651614939515
0.03600121891555799
0.03605560200171229
0.03610966384589871
0.03616340288615792
0.036216817560530565
0.036269906307057335
0.03632266756377885
0.0363750997687358
0.03642720135996884
0.036478970775518635
0.03653040645342585
0.03658150683173112
0.03663227034847513
0.036682695441698554
0.036732780549442026
0.03678252410974622
0.03683192456065178
0.0368809803401994
0.036929689886429716
0.03697805163738341
0.03702606403110112
0.037073725505623524
0.03712103449899128
0.037167989449245056
0.03721458879442549
0.037260830972573274
0.03730671442172905
0.03735223757993348
0.03739739888522723
0.03744219677565097
0.03748662968924534
0.037530696064051024
0.03757439433810867
0.03761772294945895
0.037660680336142505
0.03770326493620002
0.03774547518767214
0.037787309528599544
0.03782876639702287
0.03786984423098281
0.03791054146851999
0.037950856547675105
0.037990787906488785
0.038030333983001714
0.038069493215254546
0.03810826404128795
0.038146644899966366
0.03818463440479749
0.03822223155894122
0.03825943541827987
0.03829624503869582
0.03833265947607141
0.038368677786289
0.038404299025230966
0.03843952224877964
0.03847434651281738
0.038508770873226544
0.0385427943858895
0.03857641610668859
0.03860963509150618
0.03864245039622459
0.03867486107672623
0.038706866188893414
0.03873846478860851
0.03876965593175388
0.03880043867421187
0.03883081207186485
0.038860775180595164
0.03889032705628516
0.0389194667548172
0.03894819333207364
0.038976505843936846
0.03900440334628916
0.039031884895012935
0.03905894954599054
0.03908559635510432
0.0391118243792363
0.039137632752612055
0.03916302074056
0.039187987621107784
0.03921253267228311
0.039236655172113666
0.03926035439862712
0.039283629629851165
0.03930648014381349
0.03932890521854175
0.03935090413206366
0.03937247616240689
0.03939362058759913
0.039414336685668065
0.039434623734641364
0.03945448101254673
0.03947390779741183
0.03949290336726436
0.03951146700013197
0.0395295979740424
0.0395472955670233
0.03956455905710235
0.03958138772230725
0.039597780840665675
0.039613737690205306
0.03962925754895383
0.039644339694938927
0.039658983406188286
0.039673187960729585
0.039686952636590514
0.03970027671727833
0.03971315969931917
0.03972560135595819
0.03973760147893415
0.03974915985998578
0.03976027629085186
0.03977095056327113
0.03978118246898236
0.03979097179972429
0.039800318347235686
0.0398092219032553
0.03981768225952188
0.039825699207774186
0.03983327253975097
0.03984040204719099
0.03984708752183302
0.03985332875541576
0.03985912553967802
0.039864477666358526
0.03986938492719604
0.039873847113929335
0.03987786401829714
0.03988143543203822
0.03988456114689133
0.03988724095459522
0.03988947464688865
0.03989126201551038
0.039892602852199144
0.03989349694869372
0.03989394409673286
0.03989394409673286
0.039893496948693714
0.03989260285219915
0.039891262015510374
0.03988947464688865
0.03988724095459522
0.03988456114689133
0.03988143543203822
0.03987786401829714
0.03987384711392933
0.03986938492719604
0.039864477666358526
0.03985912553967802
0.039853328755415765
0.03984708752183301
0.03984040204719099
0.03983327253975097
0.039825699207774186
0.03981768225952188
0.0398092219032553
0.039800318347235686
0.039790971799724295
0.03978118246898236
0.03977095056327114
0.03976027629085187
0.03974915985998579
0.03973760147893415
0.03972560135595819
0.03971315969931917
0.039700276717278334
0.03968695263659051
0.03967318796072958
0.039658983406188286
0.039644339694938927
0.039629257548953835
0.039613737690205306
0.03959778084066568
0.03958138772230726
0.03956455905710236
0.039547295567023306
0.0395295979740424
0.03951146700013198
0.03949290336726435
0.039473907797411834
0.03945448101254672
0.03943462373464137
0.039414336685668065
0.03939362058759913
0.0393724761624069
0.039350904132063665
0.03932890521854176
0.03930648014381348
0.03928362962985117
0.03926035439862713
0.039236655172113666
0.03921253267228312
0.039187987621107784
0.03916302074056
0.03913763275261206
0.039111824379236305
0.039085596355104335
0.03905894954599055
0.03903188489501294
0.039004403346289164
0.038976505843936846
0.038948193332073645
0.0389194667548172
0.03889032705628516
0.03886077518059516
0.038830812071864854
0.03880043867421188
0.03876965593175388
0.03873846478860852
0.038706866188893414
0.03867486107672623
0.038642450396224604
0.038609635091506174
0.0385764161066886
0.038542794385889506
0.03850877087322656
0.03847434651281738
0.03843952224877964
0.03840429902523097
0.038368677786289
0.03833265947607141
0.038296245038695824
0.03825943541827987
0.038222231558941215
0.03818463440479749
0.03814664489996636
0.03810826404128794
0.03806949321525455
0.03803033398300172
0.03799078790648878
0.03795085654767509
0.03791054146851999
0.0378698442309828
0.037828766397022866
0.037787309528599544
0.037745475187672135
0.037703264936200014
0.0376606803361425
0.037617722949458934
0.03757439433810866
0.037530696064051024
0.03748662968924533
0.03744219677565096
0.03739739888522722
0.03735223757993347
0.03730671442172904
0.03726083097257327
0.037214588794425484
0.03716798944924505
0.037121034498991276
0.037073725505623524
0.037026064031101126
0.0369780516373834
0.036929689886429716
0.0368809803401994
0.03683192456065177
0.03678252410974621
0.03673278054944202
0.03668269544169854
0.03663227034847513
0.036581506831731114
0.03653040645342584
0.03647897077551863
0.03642720135996884
0.0363750997687358
0.036322667563778846
0.03626990630705733
0.03621681756053057
0.03616340288615792
0.03610966384589872
0.036055602001712296
0.036001218915557985
0.03594651614939515
0.03589149526518309
0.035836157824881185
0.03578050539044876
0.035724539523845134
0.03566826178702966
0.03561167374196169
0.03555477695060054
0.03549757297490556
0.03544006337683608
0.035382249718351445
0.035324133561411
0.03526571646797407
0.035207
