0
0.000352
1
0.000352
2
0.000352
3
0.000353
4
0.000353
5
0.000353
6
0.000353
7
0.000353
8
0.000353
9
0.000354
10
0.000354
11
0.000354
12
0.000354
13
0.000354
14
0.000355
15
0.000355
16
0.000355
17
0.000355
18
0.000355
19
0.000355
20
0.000356
21
0.000356
22
0.000356
23
0.000356
24
0.000356
25
0.000356
26
0.000357
27
0.000357
28
0.000357
29
0.000357
30
0.000357
31
0.000357
32
0.000358
33
0.000358
34
0.000358
35
0.000358
36
0.000358
37
0.000358
38
0.000359
39
0.000359
40
0.000359
41
0.000359
42
0.000359
43
0.000359
44
0.000360
45
0.000360
46
0.000360
47
0.000360
48
0.000360
49
0.000360
50
0.000361
51
0.000361
52
0.000361
53
0.000361
54
0.000361
55
0.000361
56
0.000361
57
0.000362
58
0.000362
59
0.000362
60
0.000362
61
0.000362
62
0.000362
63
0.000363
64
0.000363
65
0.000363
66
0.000363
67
0.000363
68
0.000363
69
0.000364
70
0.000364
71
0.000364
72
0.000364
73
0.000364
74
0.000364
75
0.000364
76
0.000365
77
0.000365
78
0.000365
79
0.000365
80
0.000365
81
0.000365
82
0.000366
83
0.000366
84
0.000366
85
0.000366
86
0.000366
87
0.000366
88
0.000366
89
0.000367
90
0.000367
91
0.000367
92
0.000367
93
0.000367
94
0.000367
95
0.000368
96
0.000368
97
0.000368
98
0.000368
99
0.000368
100
0.000368
101
0.000368
102
0.000369
103
0.000369
104
0.000369
105
0.000369
106
0.000369
107
0.000369
108
0.000369
109
0.000370
110
0.000370
111
0.000370
112
0.000370
113
0.000370
114
0.000370
115
0.000370
116
0.000371
117
0.000371
118
0.000371
119
0.000371
120
0.000371
121
0.000371
122
0.000371
123
0.000372
124
0.000372
125
0.000372
126
0.000372
127
0.000372
128
0.000372
129
0.000372
130
0.000373
131
0.000373
132
0.000373
133
0.000373
134
0.000373
135
0.000373
136
0.000373
137
0.000374
138
0.000374
139
0.000374
140
0.000374
141
0.000374
142
0.000374
143
0.000374
144
0.000374
145
0.000375
146
0.000375
147
0.000375
148
0.000375
149
0.000375
150
0.000375
151
0.000375
152
0.000376
153
0.000376
154
0.000376
155
0.000376
156
0.000376
157
0.000376
158
0.000376
159
0.000376
160
0.000377
161
0.000377
162
0.000377
163
0.000377
164
0.000377
165
0.000377
166
0.000377
167
0.000377
168
0.000378
169
0.000378
170
0.000378
171
0.000378
172
0.000378
173
0.000378
174
0.000378
175
0.000378
176
0.000379
177
0.000379
178
0.000379
179
0.000379
180
0.000379
181
0.000379
182
0.000379
183
0.000379
184
0.000380
185
0.000380
186
0.000380
187
0.000380
188
0.000380
189
0.000380
190
0.000380
191
0.000380
192
0.000380
193
0.000381
194
0.000381
195
0.000381
196
0.000381
197
0.000381
198
0.000381
199
0.000381
200
0.000381
201
0.000382
202
0.000382
203
0.000382
204
0.000382
205
0.000382
206
0.000382
207
0.000382
208
0.000382
209
0.000382
210
0.000383
211
0.000383
212
0.000383
213
0.000383
214
0.000383
215
0.000383
216
0.000383
217
0.000383
218
0.000383
219
0.000383
220
0.000384
221
0.000384
222
0.000384
223
0.000384
224
0.000384
225
0.000384
226
0.000384
227
0.000384
228
0.000384
229
0.000385
230
0.000385
231
0.000385
232
0.000385
233
0.000385
234
0.000385
235
0.000385
236
0.000385
237
0.000385
238
0.000385
239
0.000386
240
0.000386
241
0.000386
242
0.000386
243
0.000386
244
0.000386
245
0.000386
246
0.000386
247
0.000386
248
0.000386
249
0.000387
250
0.000387
251
0.000387
252
0.000387
253
0.000387
254
0.000387
255
0.000387
256
0.000387
257
0.000387
258
0.000387
259
0.000388
260
0.000388
261
0.000388
262
0.000388
263
0.000388
264
0.000388
265
0.000388
266
0.000388
267
0.000388
268
0.000388
269
0.000388
270
0.000389
271
0.000389
272
0.000389
273
0.000389
274
0.000389
275
0.000389
276
0.000389
277
0.000389
278
0.000389
279
0.000389
280
0.000389
281
0.000389
282
0.000390
283
0.000390
284
0.000390
285
0.000390
286
0.000390
287
0.000390
288
0.000390
289
0.000390
290
0.000390
291
0.000390
292
0.000390
293
0.000390
294
0.000391
295
0.000391
296
0.000391
297
0.000391
298
0.000391
299
0.000391
300
0.000391
301
0.000391
302
0.000391
303
0.000391
304
0.000391
305
0.000391
306
0.000392
307
0.000392
308
0.000392
309
0.000392
310
0.000392
311
0.000392
312
0.000392
313
0.000392
314
0.000392
315
0.000392
316
0.000392
317
0.000392
318
0.000392
319
0.000392
320
0.000393
321
0.000393
322
0.000393
323
0.000393
324
0.000393
325
0.000393
326
0.000393
327
0.000393
328
0.000393
329
0.000393
330
0.000393
331
0.000393
332
0.000393
333
0.000393
334
0.000393
335
0.000394
336
0.000394
337
0.000394
338
0.000394
339
0.000394
340
0.000394
341
0.000394
342
0.000394
343
0.000394
344
0.000394
345
0.000394
346
0.000394
347
0.000394
348
0.000394
349
0.000394
350
0.000394
351
0.000395
352
0.000395
353
0.000395
354
0.000395
355
0.000395
356
0.000395
357
0.000395
358
0.000395
359
0.000395
360
0.000395
361
0.000395
362
0.000395
363
0.000395
364
0.000395
365
0.000395
366
0.000395
367
0.000395
368
0.000395
369
0.000396
370
0.000396
371
0.000396
372
0.000396
373
0.000396
374
0.000396
375
0.000396
376
0.000396
377
0.000396
378
0.000396
379
0.000396
380
0.000396
381
0.000396
382
0.000396
383
0.000396
384
0.000396
385
0.000396
386
0.000396
387
0.000396
388
0.000396
389
0.000396
390
0.000397
391
0.000397
392
0.000397
393
0.000397
394
0.000397
395
0.000397
396
0.000397
397
0.000397
398
0.000397
399
0.000397
400
0.000397
401
0.000397
402
0.000397
403
0.000397
404
0.000397
405
0.000397
406
0.000397
407
0.000397
408
0.000397
409
0.000397
410
0.000397
411
0.000397
412
0.000397
413
0.000397
414
0.000397
415
0.000398
416
0.000398
417
0.000398
418
0.000398
419
0.000398
420
0.000398
421
0.000398
422
0.000398
423
0.000398
424
0.000398
425
0.000398
426
0.000398
427
0.000398
428
0.000398
429
0.000398
430
0.000398
431
0.000398
432
0.000398
433
0.000398
434
0.000398
435
0.000398
436
0.000398
437
0.000398
438
0.000398
439
0.000398
440
0.000398
441
0.000398
442
0.000398
443
0.000398
444
0.000398
445
0.000398
446
0.000398
447
0.000398
448
0.000398
449
0.000398
450
0.000398
451
0.000398
452
0.000398
453
0.000399
454
0.000399
455
0.000399
456
0.000399
457
0.000399
458
0.000399
459
0.000399
460
0.000399
461
0.000399
462
0.000399
463
0.000399
464
0.000399
465
0.000399
466
0.000399
467
0.000399
468
0.000399
469
0.000399
470
0.000399
471
0.000399
472
0.000399
473
0.000399
474
0.000399
475
0.000399
476
0.000399
477
0.000399
478
0.000399
479
0.000399
480
0.000399
481
0.000399
482
0.000399
483
0.000399
484
0.000399
485
0.000399
486
0.000399
487
0.000399
488
0.000399
489
0.000399
490
0.000399
491
0.000399
492
0.000399
493
0.000399
494
0.000399
495
0.000399
496
0.000399
497
0.000399
498
0.000399
499
0.000399
500
0.000399
501
0.000399
502
0.000399
503
0.000399
504
0.000399
505
0.000399
506
0.000399
507
0.000399
508
0.000399
509
0.000399
510
0.000399
511
0.000399
512
0.000399
513
0.000399
514
0.000399
515
0.000399
516
0.000399
517
0.000399
518
0.000399
519
0.000399
520
0.000399
521
0.000399
522
0.000399
523
0.000399
524
0.000399
525
0.000399
526
0.000399
527
0.000399
528
0.000399
529
0.000399
530
0.000399
531
0.000399
532
0.000399
533
0.000399
534
0.000399
535
0.000399
536
0.000399
537
0.000399
538
0.000399
539
0.000399
540
0.000399
541
0.000399
542
0.000399
543
0.000399
544
0.000399
545
0.000399
546
0.000399
547
0.000399
548
0.000398
549
0.000398
550
0.000398
551
0.000398
552
0.000398
553
0.000398
554
0.000398
555
0.000398
556
0.000398
557
0.000398
558
0.000398
559
0.000398
560
0.000398
561
0.000398
562
0.000398
563
0.000398
564
0.000398
565
0.000398
566
0.000398
567
0.000398
568
0.000398
569
0.000398
570
0.000398
571
0.000398
572
0.000398
573
0.000398
574
0.000398
575
0.000398
576
0.000398
577
0.000398
578
0.000398
579
0.000398
580
0.000398
581
0.000398
582
0.000398
583
0.000398
584
0.000398
585
0.000398
586
0.000397
587
0.000397
588
0.000397
589
0.000397
590
0.000397
591
0.000397
592
0.000397
593
0.000397
594
0.000397
595
0.000397
596
0.000397
597
0.000397
598
0.000397
599
0.000397
600
0.000397
601
0.000397
602
0.000397
603
0.000397
604
0.000397
605
0.000397
606
0.000397
607
0.000397
608
0.000397
609
0.000397
610
0.000397
611
0.000396
612
0.000396
613
0.000396
614
0.000396
615
0.000396
616
0.000396
617
0.000396
618
0.000396
619
0.000396
620
0.000396
621
0.000396
622
0.000396
623
0.000396
624
0.000396
625
0.000396
626
0.000396
627
0.000396
628
0.000396
629
0.000396
630
0.000396
631
0.000396
632
0.000395
633
0.000395
634
0.000395
635
0.000395
636
0.000395
637
0.000395
638
0.000395
639
0.000395
640
0.000395
641
0.000395
642
0.000395
643
0.000395
644
0.000395
645
0.000395
646
0.000395
647
0.000395
648
0.000395
649
0.000395
650
0.000394
651
0.000394
652
0.000394
653
0.000394
654
0.000394
655
0.000394
656
0.000394
657
0.000394
658
0.000394
659
0.000394
660
0.000394
661
0.000394
662
0.000394
663
0.000394
664
0.000394
665
0.000394
666
0.000393
667
0.000393
668
0.000393
669
0.000393
670
0.000393
671
0.000393
672
0.000393
673
0.000393
674
0.000393
675
0.000393
676
0.000393
677
0.000393
678
0.000393
679
0.000393
680
0.000393
681
0.000392
682
0.000392
683
0.000392
684
0.000392
685
0.000392
686
0.000392
687
0.000392
688
0.000392
689
0.000392
690
0.000392
691
0.000392
692
0.000392
693
0.000392
694
0.000392
695
0.000391
696
0.000391
697
0.000391
698
0.000391
699
0.000391
700
0.000391
701
0.000391
702
0.000391
703
0.000391
704
0.000391
705
0.000391
706
0.000391
707
0.000390
708
0.000390
709
0.000390
710
0.000390
711
0.000390
712
0.000390
713
0.000390
714
0.000390
715
0.000390
716
0.000390
717
0.000390
718
0.000390
719
0.000389
720
0.000389
721
0.000389
722
0.000389
723
0.000389
724
0.000389
725
0.000389
726
0.000389
727
0.000389
728
0.000389
729
0.000389
730
0.000389
731
0.000388
732
0.000388
733
0.000388
734
0.000388
735
0.000388
736
0.000388
737
0.000388
738
0.000388
739
0.000388
740
0.000388
741
0.000388
742
0.000387
743
0.000387
744
0.000387
745
0.000387
746
0.000387
747
0.000387
748
0.000387
749
0.000387
750
0.000387
751
0.000387
752
0.000386
753
0.000386
754
0.000386
755
0.000386
756
0.000386
757
0.000386
758
0.000386
759
0.000386
760
0.000386
761
0.000386
762
0.000385
763
0.000385
764
0.000385
765
0.000385
766
0.000385
767
0.000385
768
0.000385
769
0.000385
770
0.000385
771
0.000385
772
0.000384
773
0.000384
774
0.000384
775
0.000384
776
0.000384
777
0.000384
778
0.000384
779
0.000384
780
0.000384
781
0.000383
782
0.000383
783
0.000383
784
0.000383
785
0.000383
786
0.000383
787
0.000383
788
0.000383
789
0.000383
790
0.000383
791
0.000382
792
0.000382
793
0.000382
794
0.000382
795
0.000382
796
0.000382
797
0.000382
798
0.000382
799
0.000382
800
0.000381
801
0.000381
802
0.000381
803
0.000381
804
0.000381
805
0.000381
806
0.000381
807
0.000381
808
0.000380
809
0.000380
810
0.000380
811
0.000380
812
0.000380
813
0.000380
814
0.000380
815
0.000380
816
0.000380
817
0.000379
818
0.000379
819
0.000379
820
0.000379
821
0.000379
822
0.000379
823
0.000379
824
0.000379
825
0.000378
826
0.000378
827
0.000378
828
0.000378
829
0.000378
830
0.000378
831
0.000378
832
0.000378
833
0.000377
834
0.000377
835
0.000377
836
0.000377
837
0.000377
838
0.000377
839
0.000377
840
0.000377
841
0.000376
842
0.000376
843
0.000376
844
0.000376
845
0.000376
846
0.000376
847
0.000376
848
0.000376
849
0.000375
850
0.000375
851
0.000375
852
0.000375
853
0.000375
854
0.000375
855
0.000375
856
0.000374
857
0.000374
858
0.000374
859
0.000374
860
0.000374
861
0.000374
862
0.000374
863
0.000374
864
0.000373
865
0.000373
866
0.000373
867
0.000373
868
0.000373
869
0.000373
870
0.000373
871
0.000372
872
0.000372
873
0.000372
874
0.000372
875
0.000372
876
0.000372
877
0.000372
878
0.000371
879
0.000371
880
0.000371
881
0.000371
882
0.000371
883
0.000371
884
0.000371
885
0.000370
886
0.000370
887
0.000370
888
0.000370
889
0.000370
890
0.000370
891
0.000370
892
0.000369
893
0.000369
894
0.000369
895
0.000369
896
0.000369
897
0.000369
898
0.000369
899
0.000368
900
0.000368
901
0.000368
902
0.000368
903
0.000368
904
0.000368
905
0.000368
906
0.000367
907
0.000367
908
0.000367
909
0.000367
910
0.000367
911
0.000367
912
0.000366
913
0.000366
914
0.000366
915
0.000366
916
0.000366
917
0.000366
918
0.000366
919
0.000365
920
0.000365
921
0.000365
922
0.000365
923
0.000365
924
0.000365
925
0.000364
926
0.000364
927
0.000364
928
0.000364
929
0.000364
930
0.000364
931
0.000364
932
0.000363
933
0.000363
934
0.000363
935
0.000363
936
0.000363
937
0.000363
938
0.000362
939
0.000362
940
0.000362
941
0.000362
942
0.000362
943
0.000362
944
0.000361
945
0.000361
946
0.000361
947
0.000361
948
0.000361
949
0.000361
950
0.000361
951
0.000360
952
0.000360
953
0.000360
954
0.000360
955
0.000360
956
0.000360
957
0.000359
958
0.000359
959
0.000359
960
0.000359
961
0.000359
962
0.000359
963
0.000358
964
0.000358
965
0.000358
966
0.000358
967
0.000358
968
0.000358
969
0.000357
970
0.000357
971
0.000357
972
0.000357
973
0.000357
974
0.000357
975
0.000356
976
0.000356
977
0.000356
978
0.000356
979
0.000356
980
0.000356
981
0.000355
982
0.000355
983
0.000355
984
0.000355
985
0.000355
986
0.000355
987
0.000354
988
0.000354
989
0.000354
990
0.000354
991
0.000354
992
0.000353
993
0.000353
994
0.000353
995
0.000353
996
0.000353
997
0.000353
998
0.000352
999
0.000352
1000
0.000352
